-2.621737957000732422e+00
-1.260158181190490723e+00
1.533492207527160645e+00
-2.391717672348022461e+00
-2.536624193191528320e+00
1.414254069328308105e+00
-2.245110750198364258e+00
2.079773098230361938e-01
-2.448560595512390137e-01
2.453568935394287109e+00
-1.628061890602111816e+00
-2.216888427734375000e+00
4.400947570800781250e+00
-2.989091157913208008e+00
-2.370612621307373047e+00
-3.619270563125610352e+00
-2.370333373546600342e-01
2.041219234466552734e+00
1.122069120407104492e+00
3.370011806488037109e+00
-4.848762035369873047e+00
2.369161605834960938e+00
-8.417180180549621582e-01
-8.014139533042907715e-01
3.055945970118045807e-02
-1.308944225311279297e+00
-1.770804077386856079e-01
2.841880321502685547e+00
4.897171497344970703e+00
5.008404850959777832e-01
-3.276150822639465332e-01
-3.252049684524536133e+00
2.310995817184448242e+00
2.689411640167236328e+00
-3.301440954208374023e+00
9.925293922424316406e-01
-1.888907074928283691e+00
9.644238352775573730e-01
5.613898277282714844e+00
2.008773565292358398e+00
1.207614898681640625e+00
2.430637478828430176e-01
1.381069183349609375e+00
-1.146544933319091797e+00
1.843984961509704590e+00
-2.298258781433105469e+00
5.929248034954071045e-02
8.650381863117218018e-02
3.663495063781738281e+00
2.725987195968627930e+00
1.932085871696472168e+00
2.181820869445800781e+00
-2.282188892364501953e+00
-9.706615805625915527e-01
-2.507074832916259766e+00
2.674253940582275391e+00
2.212328433990478516e+00
1.165446162223815918e+00
2.099987566471099854e-01
1.735639095306396484e+00
1.606051206588745117e+00
4.109976291656494141e+00
1.075093030929565430e+00
3.355457067489624023e+00
1.975822925567626953e+00
2.929393053054809570e+00
-8.663068413734436035e-01
2.893691062927246094e-01
4.361343383789062500e+00
1.901299357414245605e-01
6.035204529762268066e-01
-2.954313755035400391e-01
1.825373649597167969e+00
-2.299320697784423828e+00
1.581024289131164551e+00
8.919078707695007324e-01
1.553607106208801270e+00
3.815593957901000977e+00
7.940372228622436523e-01
-8.595426678657531738e-01
-1.005471467971801758e+00
1.746322751045227051e+00
2.425784111022949219e+00
-1.052035212516784668e+00
-3.162093400955200195e+00
-4.601366817951202393e-02
2.765587806701660156e+00
-2.419595479965209961e+00
-1.325755715370178223e-01
2.329596042633056641e+00
-9.295963644981384277e-01
-2.364977121353149414e+00
-8.347771167755126953e-01
1.689467906951904297e+00
1.284108877182006836e+00
-2.640086650848388672e+00
1.894086360931396484e+00
-3.442246913909912109e+00
-9.635556340217590332e-01
-1.161913037300109863e+00
-8.275906443595886230e-01
-2.271017991006374359e-02
-5.033737421035766602e-01
-2.978864908218383789e+00
-1.867919087409973145e+00
2.800554633140563965e-01
-1.550465464591979980e+00
4.404041767120361328e+00
-6.339104175567626953e-01
-1.667920947074890137e+00
1.996354907751083374e-01
4.153835296630859375e+00
-1.705771684646606445e+00
9.857870638370513916e-02
-5.948778390884399414e-01
-2.117556095123291016e+00
3.418676376342773438e+00
1.103129163384437561e-01
-5.464602947235107422e+00
4.707277119159698486e-01
-4.596560955047607422e+00
-1.073022723197937012e+00
-4.094727516174316406e+00
-2.440442562103271484e+00
-2.180212497711181641e+00
-1.819697022438049316e+00
3.080879449844360352e-01
6.468414068222045898e-01
-2.448961019515991211e+00
4.807277202606201172e+00
1.710168719291687012e+00
-2.272838115692138672e+00
3.288855075836181641e+00
2.138035297393798828e+00
-5.979092597961425781e+00
8.059253096580505371e-01
2.542657852172851562e+00
-1.051104903221130371e+00
-1.158560633659362793e+00
-3.312259674072265625e+00
8.254364132881164551e-01
-1.155325174331665039e+00
2.761772394180297852e+00
-2.016732692718505859e+00
-5.818445086479187012e-01
-7.337511777877807617e-01
-2.282021760940551758e+00
-2.712163209915161133e+00
-9.692280292510986328e-01
-1.580883115530014038e-01
-3.238183736801147461e+00
2.558195352554321289e+00
2.695094823837280273e+00
-4.789678573608398438e+00
3.992568850517272949e-01
-2.442232131958007812e+00
-2.801050901412963867e+00
-8.191165924072265625e-01
1.837202072143554688e+00
-4.738025367259979248e-01
-2.263341665267944336e+00
-1.069352589547634125e-02
-2.238297462463378906e+00
-3.625607252120971680e+00
5.505505800247192383e-01
1.339407682418823242e+00
-4.139388203620910645e-01
2.118638306856155396e-01
-4.243271350860595703e+00
3.248998165130615234e+00
-3.789963126182556152e-01
4.744960784912109375e+00
3.183674216270446777e-01
8.442382216453552246e-01
2.926860809326171875e+00
1.016623377799987793e+00
1.127536296844482422e+00
-9.157352447509765625e-01
-5.379689931869506836e-01
-1.863256573677062988e+00
1.765546798706054688e+00
3.078486323356628418e-01
-2.494199723005294800e-01
2.570785284042358398e+00
-3.977983474731445312e+00
-1.260080218315124512e+00
8.030568122863769531e+00
-2.549655199050903320e+00
1.856976151466369629e+00
1.013480186462402344e+00
-9.959693253040313721e-02
-1.897631883621215820e+00
1.620589256286621094e+00
-1.021107792854309082e+00
-3.718028306961059570e+00
-2.533464908599853516e+00
1.720477819442749023e+00
-4.183416366577148438e+00
-1.404669046401977539e+00
-1.636774659156799316e+00
